cgroup_id,pid,start_timestamp,end_timestamp,latency
144095,56796337,76958,5220087055271,5220143851608
158125,39928260,76976,5220277052301,5220316980561
158186,40783384,76994,5220470742416,5220511525800
158247,46482148,77010,5220661621284,5220708103432
158308,45210940,77027,5220852501647,5220897712587
158369,42775518,77045,5221049501600,5221092277118
158369,47255058,77064,5221241468900,5221288723958
158369,40386499,77084,5221440049827,5221480436326
158430,41009393,77105,5221617696168,5221658705561
158491,42121868,77125,5221810176965,5221852298833
158552,44720739,77145,5222007517182,5222052237921
158552,50558818,77163,5222190523007,5222241081825
158552,41633065,77177,5222395643904,5222437276969
158552,40385071,77195,5222599901169,5222640286240
158613,47438648,77213,5222775298590,5222822737238
158674,40506704,77228,5222979222947,5223019729651
158735,40363516,77245,5223164682291,5223205045807
158796,40918980,77266,5223351020723,5223391939703
158857,41415723,77284,5223535238602,5223576654325
158918,43672971,77301,5223726815185,5223770488156
158918,49972082,77318,5223905860122,5223955832204
158918,50845229,77337,5224092706294,5224143551523
158918,41146515,77352,5224281564102,5224322710617
158979,45369341,77370,5224476471979,5224521841320
159040,45355917,77390,5224680949786,5224726305703
